# id	left	top	right	bottom	texture_id
[SPRITES]
#brick dile
20001	300	135	315	150	20
20002	318	135	333	150	20
20003	336	135	351	150	20
20004	354	135	369	150	20
20006	372	135	387	150	20

#brick null
21001	235	188	250	203	90

######### button ########
#not press
22001	156	144	171	159	90
22002	178	144	193	159	90

#pressed
22003	200	153	215	160	90

############## DEBRIS #######################
20005	484	120	491	127	20

# ani_id	sprite1_id	time1	sprite2_id	time2	...
[ANIMATIONS]
10000	20001	150	20002	150	20003	150	20004	150	20006	150
10001	20005	100
