# id	left	top	right	bottom	texture_id
[SPRITES]
################# COIN ##################
#turn_around
40001	85	17	100	32	199
40002	102	17	117	32	199
40003	119	17	134	32	199
#coin_in_brick
40004	300	171	315	186	20
##turn_around_big
40005	0	17	15	32	199
40006	17	17	32	32	199
40007	34	17	49	32	199

################# SCORE ##################
#100_SCORE
40031	458	223	469	230	20
#200_SCORE
40032	457	232	468	239	20
#400_SCORE
40033	457	241	468	248	20
#800_SCORE
40034	457	250	468	257	20
#1000_SCORE
40035	471	223	486	230	20
#2000_SCORE
40036	470	232	485	239	20
#4000_SCORE
40037	470	241	485	248	20
#8000_SCORE
40038	470	250	485	257	20

################# MUSHROOM ##############
#green
40011	51	0	66	15	199

#red
40012	34	0	49	15	199

################# LEAF ##################
#left
40021	180	123	195	136	90
#right
40022	233	123	248	136	100
################# CARD BOX ##################
#card_box_random
40040	0	0	15	15	199
40041	17	0	32	15	199
40042	34	0	49	15	199
#flower
40043	277	374	292	389	163
40044	332	375	341	390	163
#star
40045	297	373	312	388	163
40046	347	374	356	389	163
#mushroom
40047	257	373	272	388	163
40048	319	375	328	390	163
################# BUTTON ##################
40050	418	8	433	23	160
40051	440	8	455	23	160
40052	462	17	477	24	160

# ani_id	sprite1_id	time1	sprite2_id	time2	...
[ANIMATIONS]
################ COIN  ###############
#turn_around
11000	40001	100	40002	100	40003	100
#in_brick
11001	40004	100
#turn_around_big
11002	40005	100	40006	100	40007	100

################ SCORE ###############
#100_SCORE
15001	40031	100
#200_SCORE
15002	40032	100
#400_SCORE
15003	40033	100
#800_SCORE
15004	40034	100
#1000_SCORE
15005	40035	100
#2000_SCORE
15006	40036	100
#4000_SCORE
15007	40037	100
#8000_SCORE
15008	40038	100

################ MUSHROOM ############
#green
10200	40011	100

#red
10201	40012	100

################# LEAF ###############
#left
12000	40021	100
#right
12100	40022	100
################# FLOWER BOX ##################
#card_box_random
11200	40040	100	40041	100	40042	100
#flower_card
11201	40043	100	40044	100
#star_card
11202	40045	100	40046	100
#mushroom_card
11203	40047	100	40048	100
################# BUTTON ##################
11400	40050	100	40051	100
11401	40052	100