# id	left	top	right	bottom	texture_id
#ENIMES_3
[SPRITES]
#WALK LEFT
31011	124	198	141	225	40
31012	165	199	180	224	40

#WALK RIGHT
31013	215	199	230	224	40
31014	255	198	272	225	40

#CLOSE SHELL
32011	50	204	65	219	40

#WAITING
33011	50	204	65	219	40
33012	84	203	101	220	40

#ATTACKING
34011	15	204	30	219	40
34012	15	229	30	244	40
34013	15	254	30	269	40

#TURN OVER
35011	330	204	345	219	40

################ GREEN ###################
#WALK LEFT
31051	124	98	141	125	40
31052	165	98	180	125	40

#WALK RIGHT
31053	215	98	230	125	40
31054	255	98	272	125	40

#CLOSE SHELL
32051	50	104	65	119	40

#WAITING
33051	50	104	65	119	40
33052	84	103	101	119	40

#ATTACKING
34051	15	104	30	119	40
34052	15	104	30	119	40
34053	15	104	30	119	40

#TURN OVER
35051	330	104	345	119	40


# ani_id	sprite1_id	time1	sprite2_id	time2	...
[ANIMATIONS]
#WALK LEFT
5010	31011	100	31012	100

#WALK RIGHT
5011	31013	100	31014	100

#CLOSE
5013	32011	100

#WAITING
5012	33011	100	33012	100

#ATTACKING
5014	34011	100	34012	100	34013	100	34012	100

#TURN OVER
5015	35011	100
############################ GREEN ############################
#WALK LEFT
5050	31051	100	31052	100

#WALK RIGHT
5051	31053	100	31054	100

#CLOSE
5053	32051	100

#WAITING
5052	33051	100	33052	100

#ATTACKING
5054	34051	100	34052	100	34053	100	34052	100

#TURN OVER
5055	35051	100