# id	left	top	right	bottom	texture_id
#enimes_3
[SPRITES]
#WALK LEFT
31031	165	148	180	175	40
31032	125	148	140	175	40
31033	85	148	100	175	40
31034	45	148	60	175	40

#WALK RIGHT
31035	215	148	230	175	40
31036	255	148	270	175	40
31037	295	148	310	175	40
31038	335	148	350	175	40

#CLOSE SHELL
32031	50	104	65	119	40

#WAITING
33031	50	104	65	119	40
33032	84	104	101	119	40

#ATTACKING
34031	15	104	30	119	40
34032	15	129	30	144	40
34033	15	154	30	169	40

#TURN OVER
35031	330	104	345	119	40

# ani_id	sprite1_id	time1	sprite2_id	time2	...
[ANIMATIONS]
#WALK LEFT
5030	31031	100	31032	100	31033	100	31034	100

#WALK RIGHT
5031	31035	100	31036	100	31037	100	31038	100

#CLOSE SHELL
5033	32031	100

#WAITING
5032	33031	100	33032	100

#ATTACKING
5034	34031	100	34032	100	34033	100	34032	100

#TURN OVER
5035	35031	100
