# list of object assets to load in this scene
[ASSETS]
mario.txt
platform.txt
brick.txt
questionbrick.txt
items.txt
koopa.txt
goomba.txt
venusFireTrap.txt
pipeline.txt
effects.txt
koopaParatroopas.txt
hud.txt
automation.txt
[TILEMAP]
Resource/Tilemaps/world1-1.txt
[HIDDEN]
Resource/Tilemaps/world1-1-1.txt
[OBJECTS]
# type	x	y	extra_settings per object type
# type: 0 = Mario , 1 = Brick, 2 = Goomba, 3 = Koopas
# See OBJECT_TYPE constants in AssetIDs.h
########## Mario #########
0	3560	30

######### Brick ###########
1	1952	400	1
1	1968	400	1
1	1984	400	1
1	2000	400	1
1	2016	400	1
1	2032	400	1
1	2048	400	1

1	1968	384	1
1	1984	384	1
1	2000	384	1
1	2016	384	1
1	2032	384	1

1	1984	368	1
1	2000	368	1
1	2016	368	1
1	2032	368	2

1	2096	384	1
1	2096	400	1
1	2112	400	1

1	1440	128	3

######### Goomba ###########
2	224	401	1	1
2	528	401	1	1
2	832	385	1	1
2	879	385	1	1
2	944	380	2	2

######### Koopa #################
#koopa_red_small
10	574	359	1	1
10	2096	359	1	1
#koopa_green_small
10	1472	390	1	2
#koopa_green_big
10	1328	294	2	2
10	1376	294	2	2
10	1424	294	2	2

######### Pipeline ###########
#plant
12	360	384	2	2
12	1865	384	1	2
12	1800	392	3	1
#hidden_map
12	2264	200	4	3
12	2327	392	4	4
#black_go_up
12	3560	8	4	5

######### Venus fire trap ###########
#11	330	378	4
#11	340	378	4
#11	1840	378	3

######### Coin ###########
4	1073	320	3
4	1105	288	3
4	1137	256	3
4	1169	224	3
4	1201	192	3
4	1329	80	3
4	1345	80	3
4	1361	80	3
4	1473	112	3
4	1489	112	3
4	1537	128	3
4	1553	128	3
4	1569	128	3
4	1585	128	3
4	1617	112	3
4	1633	112	3
4	1649	112	3
4	1665	112	3
4	1697	144	3
4	1729	112	3
4	1761	128	3
4	1809	96	3
4	1841	128	3

######### Quesion Brick ###########
#coin
6	176	352	1
6	192	352	1
6	224	304	1
6	416	320	1
6	704	352	1
#items
6	240	304	2
6	1472	368	2
6	656	384	2

############# Platform ##########
#ghost box
5	240	368	16	15.9	3	54000	54000	54000
5	272	336	16	15.9	3	54000	54000	54000
5	400	368	16	15.9	5	54000	54000	54000
5	464	336	16	15.9	4	54000	54000	54000
5	512	384	16	15.9	6	54000	54000	54000
5	512	304	16	15.9	4	54000	54000	54000
5	1264	384	16	15.9	7	54000	54000	54000
5	1296	352	16	15.9	7	54000	54000	54000
5	1328	320	16	15.9	7	54000	54000	54000
5	2144	368	16	15.9	3	54000	54000	54000
5	2176	272	16	15.9	3	54000	54000	54000
5	1312	144	16	15.9	4	54000	54000	54000

#block box
5	0	416	16	16	39	54000	54000	54000
5	0	400	16	16	1	54000	54000	54000
5	0	384	16	16	1	54000	54000	54000
5	0	368	16	16	1	54000	54000	54000
5	0	352	16	16	1	54000	54000	54000
5	0	336	16	16	1	54000	54000	54000
5	0	320	16	16	1	54000	54000	54000
5	0	304	16	16	1	54000	54000	54000
5	0	288	16	16	1	54000	54000	54000
5	0	272	16	16	1	54000	54000	54000
5	0	256	16	16	1	54000	54000	54000
5	0	240	16	16	1	54000	54000	54000
5	0	224	16	16	1	54000	54000	54000
5	0	208	16	16	1	54000	54000	54000
5	0	192	16	16	1	54000	54000	54000
5	0	176	16	16	1	54000	54000	54000
5	0	160	16	16	1	54000	54000	54000
5	0	144	16	16	1	54000	54000	54000
5	0	128	16	16	1	54000	54000	54000
5	0	112	16	16	1	54000	54000	54000
5	0	96	16	16	1	54000	54000	54000
5	0	80	16	16	1	54000	54000	54000
5	0	64	16	16	1	54000	54000	54000
5	0	48	16	16	1	54000	54000	54000
5	0	32	16	16	1	54000	54000	54000
5	0	16	16	16	1	54000	54000	54000
5	1152	416	16	16	22	54000	54000	54000
5	1536	416	16	16	5	54000	54000	54000
5	1664	416	16	16	36	54000	54000	54000
5	2256	416	16	16	60	54000	54000	54000
5	1504	336	16	16	2	54000	54000	54000
5	1568	400	16	16	3	54000	54000	54000
5	1584	384	16	16	2	54000	54000	54000
5	1600	368	16	16	1	54000	54000	54000
5	1664	400	16	16	3	54000	54000	54000
5	1664	384	16	16	2	54000	54000	54000
5	1664	368	16	16	1	54000	54000	54000
5	2256	368	16	16	2	54000	54000	54000
5	2256	304	16	16	2	54000	54000	54000
5	1408	192	16	15.9	4	54000	54000	54000
5	1488	176	16	15.9	13	54000	54000	54000
5	624	400	16	16	29	54000	54000	54000
5	0	0	16	16	176	54000	54000	54000

########### FLOWER BOX ##########
21	2689	336

######### Portal ###########
50	200	160	216	180	1

############################ HIDDEN MAP #############################
#COIN
4	3410	48	3
4	3426	32	3
4	3442	32	3
4	3458	48	3
4	3458	64	3
4	3426	80	3
4	3442	80	3
4	3458	96	3
4	3458	112	3
4	3442	128	3
4	3426	128	3
4	3410	112	3

#PLATFORM
5	3200	160	16	16	32	54000	54000	54000
5	3200	0	16	16	8	54000	54000	54000
5	3200	16	16	16	8	54000	54000	54000
5	3200	32	16	16	8	54000	54000	54000
5	3200	48	16	16	8	54000	54000	54000
5	3200	64	16	16	8	54000	54000	54000
5	3200	80	16	16	8	54000	54000	54000
5	3200	96	16	16	8	54000	54000	54000
5	3200	112	16	16	8	54000	54000	54000
5	3200	128	16	16	8	54000	54000	54000
5	3200	144	16	16	8	54000	54000	54000


5	3456	144	16	16	8	54000	54000	54000
5	3472	128	16	16	8	54000	54000	54000
5	3488	112	16	16	8	54000	54000	54000
5	3504	96	16	16	8	54000	54000	54000
5	3520	80	16	16	8	54000	54000	54000
5	3536	64	16	16	8	54000	54000	54000

5	3360	0	16	16	12	54000	54000	54000
5	3584	0	16	16	12	54000	54000	54000
5	3584	16	16	16	12	54000	54000	54000
5	3584	32	16	16	12	54000	54000	54000
5	3584	48	16	16	12	54000	54000	54000



