# id	left	top	right	bottom	texture_id
[SPRITES]
#UP LEFT
31020	165	545	180	578	40
31022	65	545	80	578	40

#LEFT
31020	165	545	180	578	40
31021	115	545	130	578	40
31022	65	545	80	578	40
31023	15	545	30	578	40

#RIGHT
32020	215	545	230	578	40
32021	265	545	280	578	40

32022	315	545	330	578	40
32023	365	545	380	578	40

# ani_id	sprite1_id	time1	sprite2_id	time2	...
[ANIMATIONS]
#UP LEFT
5022	31020	500	31022	500

#LEFT
5020	31020	500	31021	500	31022	500	31023	500

#RIGHT
5021	32020	500	32021	500	32022	500	32023	500