# id	left	top	right	bottom	texture_id
[SPRITES]
#DOOR SPECIAL
50013	120	0	135	15	198
#DOOR START
50012	1	33	16	48	198
#DOOR 1
50006	36	34	49	47	198
#DOOR 2
50007	53	34	66	47	198
#DOOR 3
50008	70	34	83	47	198
#DOOR 4
50009	87	34	100	47	198
#DOOR 5
50010	104	34	117	47	198
#DOOR 6
50011	121	34	134	47	198
#gosh_door
50014	36	52	49	63	198

###########card_box#############
#flower_in_card
60115	260	394	275	409	163
#mushroom_in_card
60116	278	394	293	409	163
#star_in_card
60117	296	394	311	409	163

# ani_id	sprite1_id	time1	sprite2_id	time2	...
[ANIMATIONS]
#card box
11335	60115	100
11336	60116	100
11337	60117	100

#SPECIAL
15009	50013	100
#START
15010	50012	100
#DOOR 1
15002	50006	100
#DOOR 2
15003	50007	100
#DOOR 3
15004	50008	100
#DOOR 4
15005	50009	100
#DOOR 5
15006	50010	100
#DOOR 6
15007	50011	100
#yellow_node
15011	50014	100