[SPRITES]
#arrow_intro
100010	30	307	37	314	311

#gosh_box
100011	10	370	30	390	40

#background
100012	516	226	773	449	310

#background_scene_1
100017	0	0	255	233	310

#background_scene_2
100018	258	0	513	233	310

#background_logo
100020	517	25	756	136	310

#arrow_type_2
100021	291	284	206	297	310

#background_curtain
100019	0	0	255	181	310

#number_three
100013	194	363	235	404	311
100014	240	363	281	404	311
100015	287	363	328	404	311
100016	333	363	374	404	311

[ANIMATIONS]
#gosh_box
100100	100011	100

#background
100101	100012	100

#arrow_intro
100102	100010	100

#number_three
100103	100013	100	100014	100	100015	100	100016	100

#background_scene_1
100104	100017	100

#background_scene_2
100107	100018	100

#background_curtain
100105	100019	100

#background_logo
100106	100020	100

#arrow_type_2
100108	100010	100	100021	100